52
9 7

0 0 1 1 0 0 0
0 0 0 1 0 0 0
0 0 0 1 0 0 0
0 0 1 0 1 0 0
0 0 1 0 1 0 0
0 1 1 1 1 1 0
0 1 0 0 0 1 0
0 1 0 0 0 1 0
1 1 1 0 1 1 1
A
1 1 1 1 1 1 0
0 1 0 0 0 0 1
0 1 0 0 0 0 1
0 1 0 0 1 0 1
0 1 1 1 1 1 0
0 1 0 0 0 0 1
0 1 0 0 0 0 1
0 1 0 0 0 0 1
1 1 1 0 1 1 0
B
0 1 1 1 1 1 1
1 0 0 0 0 0 1
1 0 0 0 0 0 0
1 0 0 0 0 0 0
1 0 0 0 0 0 0
1 0 0 0 0 0 0
1 0 0 0 0 0 0
0 1 0 0 0 0 1
0 0 1 1 1 1 0
C    
1 1 1 1 1 1 0
1 0 0 0 0 0 1
1 0 0 0 0 0 1
1 0 0 0 0 0 1
1 0 0 0 0 0 1
1 0 0 0 0 0 1
1 0 0 0 0 0 1
1 0 0 0 0 0 1
1 1 1 1 1 1 0
D
1 1 1 1 1 1 1
1 0 0 0 0 0 0
1 0 0 0 0 0 0
1 0 0 0 0 0 0
1 1 1 1 1 1 1
1 0 0 0 0 0 0
1 0 0 0 0 0 0
1 0 0 0 0 0 0
1 1 1 1 1 1 1
E
1 1 1 1 1 1 1
1 0 0 0 0 0 0
1 0 0 0 0 0 0
1 0 0 0 0 0 0
1 1 1 1 1 1 1
1 0 0 0 0 0 0
1 0 0 0 0 0 0
1 0 0 0 0 0 0
1 0 0 0 0 0 0
F
0 1 1 1 1 1 1
1 0 0 0 0 0 1
1 0 0 0 0 0 0
1 0 0 0 0 0 0
1 0 0 1 1 1 1
1 0 0 0 0 0 1
1 0 0 0 0 0 1
0 1 0 0 0 0 1
0 0 1 1 1 1 0
G
1 0 0 0 0 0 1
1 0 0 0 0 0 1
1 0 0 0 0 0 1
1 0 0 0 0 0 1
1 1 1 1 1 1 1
1 0 0 0 0 0 1
1 0 0 0 0 0 1
1 0 0 0 0 0 1
1 0 0 0 0 0 1
H
0 0 1 1 1 0 0
0 0 0 1 0 0 0
0 0 0 1 0 0 0
0 0 0 1 0 0 0
0 0 0 1 0 0 0
0 0 0 1 0 0 0
0 0 0 1 0 0 0
0 0 0 1 0 0 0
0 0 1 1 1 0 0
I
0 0 1 1 1 0 0
0 0 0 1 0 0 0
0 0 0 1 0 0 0
0 0 0 1 0 0 0
0 0 0 1 0 0 0
0 0 0 1 0 0 0
0 0 0 1 0 0 0
1 0 0 1 0 0 0
0 1 1 1 0 0 0
J
1 0 0 0 0 1 1
1 0 0 0 1 0 0
1 0 0 1 0 0 0
1 0 1 0 0 0 0
1 1 0 0 0 0 0
1 0 1 0 0 0 0
1 0 0 1 0 0 0
1 0 0 0 1 0 0
1 0 0 0 0 1 1
K
1 0 0 0 0 0 0
1 0 0 0 0 0 0
1 0 0 0 0 0 0
1 0 0 0 0 0 0
1 0 0 0 0 0 0
1 0 0 0 0 0 0
1 0 0 0 0 0 0
1 0 0 0 0 0 0
1 1 1 1 1 1 1
L
1 0 0 0 0 0 1
1 1 0 0 0 1 1
1 0 1 0 1 0 1
1 0 0 1 0 0 1
1 0 0 1 0 0 1
1 0 0 1 0 0 1
1 0 0 1 0 0 1
1 0 0 1 0 0 1
1 0 0 1 0 0 1
M
1 0 0 0 0 0 1
1 1 0 0 0 0 1
1 0 1 0 0 0 1
1 0 0 1 0 0 1
1 0 0 1 0 0 1
1 0 0 1 0 0 1
1 0 0 0 1 0 1
1 0 0 0 0 1 1
1 0 0 0 0 0 1
N
0 1 1 1 1 1 0
1 0 0 0 0 0 1
1 0 0 0 0 0 1
1 0 0 0 0 0 1
1 0 0 0 0 0 1
1 0 0 0 0 0 1
1 0 0 0 0 0 1
0 1 0 0 0 1 0
0 0 1 1 1 0 0
O
1 1 1 1 1 1 0
1 0 0 0 0 0 1
1 0 0 0 0 0 1
1 0 0 0 0 0 1
1 1 1 1 1 1 0
1 0 0 0 0 0 0
1 0 0 0 0 0 0
1 0 0 0 0 0 0
1 0 0 0 0 0 0
P
0 1 1 1 1 1 0
1 0 0 0 0 0 1
1 0 0 0 0 0 1
1 0 0 0 0 0 1
1 0 0 0 0 0 1
1 0 0 0 0 0 1
1 0 0 0 1 0 1
0 1 0 0 0 1 0
0 0 1 1 1 0 1
Q
1 1 1 1 1 1 0
1 0 0 0 0 0 1
1 0 0 0 0 0 1
1 0 0 0 0 0 1
1 1 1 1 1 1 0
1 0 1 0 0 0 0
1 0 0 1 0 0 0
1 0 0 0 1 0 0
1 0 0 0 0 1 1
R
0 1 1 1 1 1 1
1 0 0 0 0 0 0
1 0 0 0 0 0 0
1 0 0 0 0 0 0
1 1 1 1 1 1 1
0 0 0 0 0 0 1
0 0 0 0 0 0 1
0 0 0 0 0 0 1
1 1 1 1 1 1 0
S
1 1 1 1 1 1 1
0 0 0 1 0 0 0
0 0 0 1 0 0 0
0 0 0 1 0 0 0
0 0 0 1 0 0 0
0 0 0 1 0 0 0
0 0 0 1 0 0 0
0 0 0 1 0 0 0
0 0 0 1 0 0 0
T
1 0 0 0 0 0 1
1 0 0 0 0 0 1
1 0 0 0 0 0 1
1 0 0 0 0 0 1
1 0 0 0 0 0 1
1 0 0 0 0 0 1
1 0 0 0 0 0 1
0 1 0 0 0 1 0
0 0 1 1 1 0 0
U
1 0 0 0 0 0 1
1 0 0 0 0 0 1
1 0 0 0 0 0 1
1 0 0 0 0 0 1
0 1 0 0 0 1 0
0 1 0 0 0 1 0
0 1 0 0 0 1 0
0 0 1 0 1 0 0
0 0 0 1 0 0 0
V
1 0 0 1 0 0 1
1 0 1 0 1 0 1
1 0 1 0 1 0 1
1 0 1 0 1 0 1
1 0 1 0 1 0 1
1 0 1 0 1 0 1
1 0 1 0 1 0 1
1 1 0 0 0 1 1
1 0 0 0 0 0 1
W
1 0 0 0 0 0 1
1 0 0 0 0 0 1
0 1 0 0 0 1 0
0 0 1 0 1 0 0
0 0 0 1 0 0 0
0 0 1 0 1 0 0
0 1 0 0 0 1 0
1 0 0 0 0 0 1
1 0 0 0 0 0 1
X
1 0 0 0 0 0 1
1 0 0 0 0 0 1
0 1 0 0 0 1 0
0 0 1 0 1 0 0
0 0 0 1 0 0 0
0 0 0 1 0 0 0
0 0 0 1 0 0 0
0 0 0 1 0 0 0
0 0 0 1 0 0 0
Y
1 1 1 1 1 1 1
0 0 0 0 0 1 0
0 0 0 0 1 0 0
0 0 0 1 0 0 0
0 0 0 1 0 0 0
0 0 0 1 0 0 0
0 0 1 0 0 0 0
0 1 0 0 0 0 0
1 1 1 1 1 1 1
Z
0 0 0 0 0 0 0
0 0 0 0 0 0 0
0 1 1 1 1 1 0
1 0 0 0 0 1 0
0 0 0 0 0 1 0
1 1 1 1 1 1 0
1 0 0 0 0 1 0
1 0 0 0 0 1 0
0 1 1 1 1 0 1
a
0 0 0 0 0 0 0
0 0 0 0 0 0 0
1 0 0 0 0 0 0
1 0 0 0 0 0 0
1 0 0 0 0 0 0
1 1 1 1 1 1 0
1 0 0 0 0 0 1
1 0 0 0 0 0 1
1 1 1 1 1 1 0
b
0 0 0 0 0 0 0
0 0 0 0 0 0 0
0 1 1 1 1 1 0
1 0 0 0 0 0 1
1 0 0 0 0 0 0
1 0 0 0 0 0 0
1 0 0 0 0 0 0
1 0 0 0 0 0 1
0 1 1 1 1 1 0
c
0 0 0 0 0 0 0
0 0 0 0 0 0 0
0 0 0 0 0 0 1
0 0 0 0 0 0 1
0 0 0 0 0 0 1
0 1 1 1 1 1 1
1 0 0 0 0 0 1
1 0 0 0 0 0 1
0 1 1 1 1 1 1
d
0 0 0 0 0 0 0
0 0 0 0 0 0 0
0 1 1 1 1 1 0
1 0 0 0 0 0 1
1 0 0 0 0 0 1
1 1 1 1 1 1 1
1 0 0 0 0 0 0
1 0 0 0 0 0 1
0 1 1 1 1 1 0
e
0 0 0 0 0 0 0
0 0 0 0 0 0 0
0 1 1 1 1 1 1
1 0 0 0 0 0 0
1 0 0 0 0 0 0
1 1 1 1 1 1 1
1 0 0 0 0 0 0
1 0 0 0 0 0 0
1 0 0 0 0 0 0
f
0 0 0 0 0 0 0
0 0 0 0 0 0 0
0 1 1 1 1 1 1
1 0 0 0 0 0 1
1 0 0 0 0 0 1
0 1 1 1 1 1 1
0 0 0 0 0 0 1
1 0 0 0 0 0 1
0 1 1 1 1 1 0
g
0 0 0 0 0 0 0
0 0 0 0 0 0 0
1 0 0 0 0 0 0
1 0 0 0 0 0 0
1 0 0 0 0 0 0
1 1 1 1 1 1 0
1 0 0 0 0 0 1
1 0 0 0 0 0 1
1 0 0 0 0 0 1
h
0 0 0 0 0 0 0
0 0 0 0 0 0 0
0 0 0 1 0 0 0
0 0 0 0 0 0 0
0 0 0 1 0 0 0
0 0 0 1 0 0 0
0 0 0 1 0 0 0
0 0 0 1 1 0 0
0 0 0 1 0 0 0
i
0 0 0 0 0 0 0
0 0 0 0 0 0 0
0 0 0 1 0 0 0
0 0 0 0 0 0 0
0 0 0 1 0 0 0
0 0 0 1 0 0 0
0 0 0 1 0 0 0
0 1 0 1 0 0 0
0 0 1 1 0 0 0
j
0 0 0 0 0 0 0
0 0 0 0 0 0 0
1 0 0 0 1 1 0
1 0 0 1 0 0 0
1 0 1 0 0 0 0
1 1 0 0 0 0 0
1 0 1 0 0 0 0
1 0 0 1 0 0 0
1 0 0 0 1 1 0
k
0 0 0 0 0 0 0
0 0 0 0 0 0 0
0 0 0 1 0 0 0
0 0 0 1 0 0 0
0 0 0 1 0 0 0
0 0 0 1 0 0 0
0 0 0 1 0 0 0
0 0 0 1 0 0 0
0 0 0 1 0 0 0
l
0 0 0 0 0 0 0
0 0 0 0 0 0 0
1 1 0 0 0 1 1
1 0 1 0 1 0 1
1 0 0 1 0 0 1
1 0 0 1 0 0 1
1 0 0 1 0 0 1
1 0 0 1 0 0 1
1 0 0 1 0 0 1
m
0 0 0 0 0 0 0
0 0 0 0 0 0 0
1 0 0 0 0 0 1
1 1 0 0 0 0 1
1 0 1 0 0 0 1
1 0 0 1 0 0 1
1 0 0 0 1 0 1
1 0 0 0 0 1 1
1 0 0 0 0 0 1
n
0 0 0 0 0 0 0
0 0 0 0 0 0 0
0 1 1 1 1 1 0
1 0 0 0 0 0 1
1 0 0 0 0 0 1
1 0 0 0 0 0 1
1 0 0 0 0 0 1
1 0 0 0 0 0 1
0 1 1 1 1 1 0
o
0 0 0 0 0 0 0
0 0 0 0 0 0 0
0 1 1 1 1 1 0
1 0 0 0 0 0 1
1 0 0 0 0 0 1
1 1 1 1 1 1 0
1 0 0 0 0 0 0
1 0 0 0 0 0 0
1 0 0 0 0 0 0
p
0 0 0 0 0 0 0
0 0 0 0 0 0 0
0 1 1 1 1 1 1
1 0 0 0 0 0 1
1 0 0 0 0 0 1
0 1 1 1 1 1 1
0 0 0 0 0 0 1
0 0 0 0 0 0 1
0 0 0 0 0 0 1
q
0 0 0 0 0 0 0
0 0 0 0 0 0 0
1 0 0 1 1 1 1
1 0 1 0 0 0 0
1 1 0 0 0 0 0
1 0 0 0 0 0 0
1 0 0 0 0 0 0
1 0 0 0 0 0 0
1 0 0 0 0 0 0
r
0 0 0 0 0 0 0
0 0 0 0 0 0 0
0 1 1 1 1 1 1
1 0 0 0 0 0 0
1 0 0 0 0 0 0
1 1 1 1 1 1 0
0 0 0 0 0 0 1
0 0 0 0 0 0 1
1 1 1 1 1 1 0
s
0 0 0 0 0 0 0
0 0 0 0 0 0 0
0 0 0 1 0 0 0
0 0 0 1 0 0 0
0 0 0 1 0 0 0
1 1 1 1 1 1 1
0 0 0 1 0 0 0
0 0 0 1 0 0 1
0 0 0 0 1 1 0
t
0 0 0 0 0 0 0
0 0 0 0 0 0 0
1 0 0 0 0 0 1
1 0 0 0 0 0 1
1 0 0 0 0 0 1
1 0 0 0 0 0 1
1 0 0 0 0 0 1
1 0 0 0 0 1 0
0 1 1 1 1 0 1
u
0 0 0 0 0 0 0
0 0 0 0 0 0 0
1 0 0 0 0 0 1
0 1 0 0 0 1 0
0 1 0 0 0 1 0
0 1 0 0 0 1 0
0 0 1 0 1 0 0
0 0 1 0 1 0 0
0 0 0 1 0 0 0
v
0 0 0 0 0 0 0
0 0 0 0 0 0 0
1 0 0 1 0 0 1
1 0 0 1 0 0 1
1 0 0 1 0 0 1
1 0 0 1 0 0 1
1 0 0 1 0 0 1
1 0 0 1 0 0 1
0 1 1 0 1 1 0
w
0 0 0 0 0 0 0
0 0 0 0 0 0 0
1 0 0 0 0 0 1
0 1 0 0 0 1 0
0 0 1 0 1 0 0
0 0 0 1 0 0 0
0 0 1 0 1 0 0
0 1 0 0 0 1 0
1 0 0 0 0 0 1
x
0 0 0 0 0 0 0
0 0 0 0 0 0 0
1 0 0 0 0 0 1
0 1 0 0 0 0 1
0 1 0 0 0 0 1
0 0 1 1 1 1 1
0 0 0 0 0 0 1
1 0 0 0 0 0 1
0 1 1 1 1 1 0
y
0 0 0 0 0 0 0
0 0 0 0 0 0 0
1 1 1 1 1 1 1
0 0 0 0 0 1 0
0 0 0 0 1 0 0
0 0 0 1 0 0 0
0 0 1 0 0 0 0
0 1 0 0 0 0 0
1 1 1 1 1 1 1
z